181
181
181
107
107
107
107
107
107
107
107
107
107
107
107
107
107
107
107
107
107
107
107
107
107
107
107
107
107
107
076
110
084
137
096
066
096
066
137
076
155
119
076
074
179
084
076
020
127
084
157
074
096
155
066
157
076
107
107
107
107
107
107
107
107
107
107
107
107
107
107
107
107
107
107
107
107
107
107
107
107
107
107
107
107
107
107
107
107
175
148
127
073
048
084
101
084
048
183
148
032
092
126
137
084
076
148
074
084
120
074
021
119
183
038
127
084
157
074
096
155
066
076
092
066
157
136
084
126
096
066
137
082
082
175
148
021
084
137
096
066
183
020
127
084
157
074
096
155
066
157
082
175
148
020
127
084
157
074
096
155
066
031
025
159
168
076
050
179
084
076
086
127
176
048
096
144
084
092
066
076
092
048
137
155
126
096
074
179
131
076
096
157
076
021
092
157
084
144
076
155
066
076
074
179
084
076
119
155
048
048
155
136
096
066
137
076
092
157
157
084
126
074
096
155
066
007
076
113
096
101
084
066
076
074
136
155
076
096
066
074
084
137
084
126
157
076
009
092
009
022
076
009
021
009
022
076
116
009
092
105
021
009
046
022
175
175
148
021
084
137
096
066
183
084
020
127
092
074
096
155
066
082
148
048
092
021
084
048
183
137
176
144
082
175
076
076
148
074
084
120
074
183
137
176
144
082
116
092
022
076
021
046
076
107
076
148
074
084
120
074
183
137
176
144
082
116
021
022
076
092
076
148
022
148
022
076
148
074
084
120
074
183
131
155
144
082
076
148
022
148
022
076
021
046
007
175
148
084
066
144
183
084
020
127
092
074
096
155
066
082
175
075
126
155
101
084
076
074
179
084
076
092
157
157
084
126
074
096
155
066
076
116
148
126
084
119
183
137
176
144
082
046
076
148
074
084
120
074
021
119
183
131
092
074
179
084
131
092
074
096
176
092
048
048
077
082
007
076
116
056
155
074
084
076
074
179
092
074
076
073
126
155
155
119
076
021
077
076
084
120
092
131
073
048
084
076
096
157
076
056
139
050
076
092
073
073
126
155
073
126
096
092
074
084
076
179
084
126
084
046
175
175
148
020
127
084
157
074
096
155
066
031
118
159
168
076
142
157
157
127
131
096
066
137
076
074
179
092
074
076
142
048
096
176
084
076
157
096
137
066
084
144
076
092
076
144
155
176
127
131
084
066
074
076
009
131
009
076
127
157
096
066
137
076
074
179
084
076
091
008
142
076
157
096
137
066
092
074
127
126
084
076
157
176
179
084
131
084
007
076
116
166
155
127
076
157
179
155
127
048
144
076
144
084
157
176
126
096
021
084
076
074
179
084
076
091
008
142
076
157
096
137
066
092
074
127
126
084
076
157
074
126
127
176
074
127
126
084
076
119
096
126
157
074
076
136
096
074
179
076
092
076
144
096
092
137
126
092
131
076
092
066
144
076
084
120
073
048
092
096
066
076
074
179
084
076
092
127
074
179
084
066
074
096
176
092
074
096
155
066
076
073
126
096
066
176
096
073
048
084
046
007
076
050
179
084
076
157
096
137
066
092
074
127
126
084
076
096
157
076
157
084
066
074
076
074
155
076
110
155
021
007
076
142
176
176
096
144
084
066
074
092
048
048
077
076
110
155
021
076
119
155
127
066
144
076
155
066
084
076
131
084
157
157
092
137
084
076
009
131
129
009
076
116
009
131
148
066
084
020
076
131
129
009
046
076
157
127
176
179
076
074
179
092
074
076
009
030
116
131
046
107
030
116
131
129
046
009
022
076
136
179
084
126
084
076
009
030
116
046
009
076
096
157
076
074
179
084
076
179
092
157
179
076
119
127
066
176
074
096
155
066
076
127
157
084
144
076
096
066
076
074
179
084
076
157
096
137
066
092
074
127
126
084
076
157
176
179
084
131
084
007
076
051
084
157
176
126
096
021
084
076
176
048
084
092
126
048
077
076
179
155
136
076
110
155
021
076
176
092
066
076
119
155
126
137
084
076
092
076
157
096
137
066
092
074
127
126
084
076
155
119
076
142
048
096
176
084
076
136
096
074
179
076
157
127
176
179
076
009
131
129
009
007
076
175
175
148
101
157
073
092
176
084
183
159
007
026
096
066
082
175
148
119
127
048
048
136
096
144
074
179
183
148
032
092
126
137
084
076
148
074
084
120
074
021
119
183
075
126
155
137
126
092
131
131
096
066
137
082
082
175
148
020
127
084
157
074
096
155
066
031
026
159
168
076
061
131
073
048
084
131
084
066
074
076
074
179
084
076
091
008
142
076
092
048
137
155
126
096
074
179
131
076
116
067
174
067
087
087
022
076
167
092
101
092
022
076
075
077
074
179
155
066
046
007
076
050
179
084
076
126
084
020
127
096
126
084
131
084
066
074
157
076
092
126
084
076
092
157
076
119
155
048
048
155
136
157
097
175
148
021
084
137
096
066
183
096
074
084
131
096
045
084
082
175
076
076
148
096
074
084
131
076
061
131
073
048
084
131
084
066
074
076
084
092
176
179
076
176
155
131
073
155
066
084
066
074
076
092
157
076
092
076
157
084
073
092
126
092
074
084
076
119
127
066
176
074
096
155
066
022
076
157
127
176
179
076
092
157
076
112
084
077
076
157
176
179
084
144
127
048
084
022
076
073
126
096
131
084
076
074
084
157
074
022
076
074
179
084
076
084
120
074
084
066
144
084
144
076
086
127
176
048
096
144
084
092
066
076
092
048
137
155
126
096
074
179
131
022
076
021
096
066
092
126
077
076
131
155
144
127
048
092
126
076
084
120
073
155
066
084
066
074
096
092
074
096
155
066
022
076
092
066
144
076
157
155
076
155
066
007
175
076
076
148
096
074
084
131
076
061
131
073
048
084
131
084
066
074
076
021
155
074
179
076
084
066
176
126
077
073
074
096
155
066
076
092
066
144
076
144
084
176
126
077
073
074
096
155
066
076
155
119
076
091
008
142
007
076
086
066
176
126
077
073
074
096
155
066
076
074
092
112
084
157
076
092
076
074
120
074
076
119
096
048
084
076
092
157
076
096
066
073
127
074
076
092
066
144
076
155
127
074
073
127
074
076
092
066
155
074
179
084
126
076
074
120
074
076
119
096
048
084
076
176
155
066
074
092
096
066
096
066
137
076
176
096
073
179
084
126
074
084
120
074
076
116
127
157
084
076
179
084
120
092
144
084
176
096
131
092
048
076
119
155
126
076
084
092
157
077
076
126
084
092
144
092
021
096
048
096
074
077
046
007
076
051
084
176
126
077
073
074
096
155
066
076
157
179
155
127
048
144
076
126
084
176
155
101
084
126
076
074
179
084
076
073
048
092
096
066
074
084
120
074
007
175
076
076
148
096
074
084
131
076
166
155
127
126
076
176
155
144
084
076
157
179
155
127
048
144
076
084
066
176
126
077
073
074
076
092
066
144
076
144
084
176
126
077
073
074
076
157
074
092
066
144
092
126
144
076
112
084
077
021
155
092
126
144
076
176
179
092
126
092
176
074
084
126
157
022
076
096
066
176
048
127
144
096
066
137
076
048
084
074
074
084
126
157
022
076
066
127
131
021
084
126
157
022
076
092
066
144
076
157
077
131
021
155
048
157
007
175
076
076
148
096
074
084
131
076
050
179
084
076
073
126
096
131
084
076
066
127
131
021
084
126
157
076
009
073
009
076
092
066
144
076
009
020
009
076
157
179
155
127
048
144
076
021
084
076
048
092
126
137
084
126
076
074
179
092
066
076
009
118
019
183
164
035
082
009
007
076
116
077
155
127
076
092
126
084
076
092
048
048
155
136
084
144
076
074
155
076
127
157
084
076
048
096
021
126
092
126
096
084
157
076
074
155
076
179
092
066
144
048
084
076
048
092
126
137
084
076
066
127
131
021
084
126
157
022
076
157
127
176
179
076
092
157
076
110
096
137
061
066
074
084
137
084
126
076
096
066
076
167
092
101
092
046
175
076
076
148
096
074
084
131
076
050
179
084
076
157
074
126
092
074
084
137
077
076
155
119
076
157
155
127
126
176
084
076
176
155
144
096
066
137
076
116
176
155
066
101
084
126
074
096
066
137
076
176
179
092
126
092
176
074
084
126
157
076
074
155
076
096
066
074
084
137
084
126
157
076
096
066
076
091
008
142
046
076
096
157
076
127
073
076
074
155
076
077
155
127
007
076
166
155
127
076
176
092
066
076
084
066
176
126
077
073
074
076
155
066
084
076
155
126
076
131
155
126
084
076
176
179
092
126
092
176
074
084
126
157
076
092
074
076
092
076
074
096
131
084
022
076
021
127
074
076
131
092
112
084
076
157
127
126
084
076
074
179
084
076
176
155
066
157
074
126
092
096
066
074
076
009
131
036
066
009
076
096
157
076
157
092
074
096
157
119
096
084
144
007
175
076
076
148
096
074
084
131
076
068
157
084
076
074
179
084
076
073
126
155
101
096
144
084
144
076
119
096
048
084
076
148
074
084
120
074
183
091
008
142
122
074
084
157
074
007
074
120
074
082
076
074
155
076
074
084
157
074
076
077
155
127
126
076
176
155
144
084
007
175
148
084
066
144
183
096
074
084
131
096
045
084
082
175
142
119
074
084
126
076
096
131
073
048
084
131
084
066
074
096
066
137
076
077
155
127
126
076
176
155
144
084
022
076
073
048
084
092
157
084
076
148
074
084
120
074
021
119
183
092
066
157
136
084
126
076
074
179
084
076
119
155
048
048
155
136
096
066
137
076
020
127
084
157
074
096
155
066
157
082
076
096
066
076
077
155
127
126
076
126
084
073
155
126
074
097
175
148
021
084
137
096
066
183
073
092
126
074
157
082
175
076
076
148
073
092
126
074
031
025
159
168
076
043
179
092
074
076
092
126
084
076
074
179
084
076
048
084
157
157
155
066
157
076
077
155
127
076
048
084
092
126
066
084
144
022
076
092
066
144
076
144
096
119
119
096
176
127
048
074
096
084
157
076
077
155
127
076
131
084
074
022
076
096
066
076
074
179
084
076
073
126
155
176
084
157
157
076
155
119
076
096
131
073
048
084
131
084
066
074
096
066
137
076
091
008
142
024
175
076
076
148
073
092
126
074
031
025
159
168
076
051
084
157
176
126
096
021
084
076
136
179
092
074
076
077
155
127
076
179
092
101
084
076
144
155
066
084
076
119
155
126
076
157
155
127
126
176
084
076
176
155
144
096
066
137
076
092
066
144
076
144
084
176
155
144
096
066
137
007
175
148
084
066
144
183
073
092
126
074
157
082
175
148
084
066
144
183
020
127
084
157
074
096
155
066
157
082
